=============================================================
Instance #0
=============================================================
Cycle #0; 759; 19; -12.3223; 5235;  [000000000000000000000000000010100000000]
Cycle #1; 485; 19; -12.3223; 4683;  [000000000000000000000000000011100000000]
Cycle #2; 447; 19; -12.3223; 5978;  [000000000000000000000000000010100000000]
Cycle #3; 438; 19; -12.3223; 5199;  [000000000000000000000000000011100000000]
Cycle #4; 441; 19; -12.3223; 3193;  [000000000000000000000000000111100000000]
Cycle #5; 443; 19; -12.3223; 6009;  [000000000000000000000000000010100000000]
Cycle #6; 441; 19; -12.3223; 5636;  [000000000000000000000000000010100000000]
Cycle #7; 443; 19; -12.3223; 4185;  [000000000000000000000000000010100000000]
Cycle #8; 449; 19; -12.3223; 5786;  [000000000000000000000000000110100000000]
Cycle #9; 463; 19; -12.3223; 4926;  [000000000000000000000000000110100000000]
Cycle #10; 450; 19; -12.3223; 5961;  [000000000000000000000000000110100000000]
Cycle #11; 453; 19; -12.3223; 6938;  [000000000000000000000000000011100000000]
Cycle #12; 469; 19; -12.3223; 6490;  [000000000000000000000000000110100000000]
Cycle #13; 462; 19; -12.3223; 3779;  [000000000000000000000000000110100000000]
Cycle #14; 461; 19; -12.3223; 4453;  [000000000000000000000000000011100000000]
Cycle #15; 457; 19; -12.3223; 4058;  [000000000000000000000000000010100000000]
Cycle #16; 455; 19; -12.3223; 4893;  [000000000000000000000000000010100000000]
Cycle #17; 465; 19; -12.3223; 6559;  [000000000000000000000000000011100000000]
Cycle #18; 458; 19; -12.3223; 5044;  [000000000000000000000000000110100000000]
Cycle #19; 464; 19; -12.3223; 7292;  [000000000000000000000000000010100000000]
Cycle #20; 462; 19; -12.3223; 5498;  [000000000000000000000000000011100000000]
Cycle #21; 451; 19; -12.3223; 4263;  [000000000000000000000000000010100000000]
Cycle #22; 450; 19; -12.3223; 2618;  [000000000000000000000000000011100000000]
Cycle #23; 475; 19; -12.3223; 4477;  [000000000000000000000000000010100000000]
Cycle #24; 463; 19; -12.3223; 5064;  [000000000000000000000000000010100000000]
Cycle #25; 457; 19; -12.3223; 6499;  [000000000000000000000000000010100000000]
Cycle #26; 458; 19; -12.3223; 6246;  [000000000000000000000000000010100000000]
Cycle #27; 459; 19; -12.3223; 4091;  [000000000000000000000000000110100000000]
Cycle #28; 441; 19; -12.3223; 9472;  [000000000000000000000000000010100000000]
Cycle #29; 457; 19; -12.3223; 5692;  [000000000000000000000000000010100000000]
Cycle #30; 460; 19; -12.3223; 2743;  [000000000000000000000000000110100000000]
Cycle #31; 452; 19; -12.3223; 3540;  [000000000000000000000000000010100000000]
Cycle #32; 458; 19; -12.3223; 5919;  [000000000000000000000000000110100000000]
Cycle #33; 447; 19; -12.3223; 5948;  [000000000000000000000000000110100000000]
Cycle #34; 439; 19; -12.3223; 5109;  [000000000000000000000000000010100000000]
Cycle #35; 440; 19; -12.3223; 4498;  [000000000000000000000000000010100000000]
Cycle #36; 447; 19; -12.3223; 5730;  [000000000000000000000000000110100000000]
Cycle #37; 448; 19; -12.3223; 5888;  [000000000000000000000000000110100000000]
Cycle #38; 450; 19; -12.3223; 6008;  [000000000000000000000000000010100000000]
Cycle #39; 450; 19; -12.3223; 5757;  [000000000000000000000000000010100000000]
Cycle #40; 461; 19; -12.3223; 3419;  [000000000000000000000000000110100000000]
Cycle #41; 453; 19; -12.3223; 2880;  [000000000000000000000000000011100000000]
Cycle #42; 472; 19; -12.3223; 6754;  [000000000000000000000000000111100000000]
Cycle #43; 462; 19; -12.3223; 5394;  [000000000000000000000000000010100000000]
Cycle #44; 451; 19; -12.3223; 3703;  [000000000000000000000000000010100000000]
Cycle #45; 475; 19; -12.3223; 6171;  [000000000000000000000000000011100000000]
Cycle #46; 468; 19; -12.3223; 3623;  [000000000000000000000000000011100000000]
Cycle #47; 457; 19; -12.3223; 7961;  [000000000000000000000000000010100000000]
Cycle #48; 456; 19; -12.3223; 3788;  [000000000000000000000000000110100000000]
Cycle #49; 452; 19; -12.3223; 5045;  [000000000000000000000000000010100000000]

=============================================================
Instance #0
=============================================================
Cycle #0; 518; 36; -28.91; 8879;  [000100100010000000000000000000000000000]
Cycle #1; 522; 36; -28.91; 8060;  [100100110010000000000000000000000000000]
Cycle #2; 518; 36; -28.91; 5550;  [101110100010000000000000000000000000000]
Cycle #3; 505; 36; -28.91; 3117;  [101110100010000000000000000000000000000]
Cycle #4; 527; 36; -28.91; 6867;  [101110110110000000000000000000000000000]
Cycle #5; 520; 36; -28.91; 14796;  [100110100110000000000000000000000000000]
Cycle #6; 534; 36; -28.91; 4304;  [001110110010000000000000000000000000000]
Cycle #7; 520; 36; -28.91; 7128;  [000100110110000000000000000000000000000]
Cycle #8; 513; 36; -28.91; 3201;  [000100110010000000000000000000000000000]
Cycle #9; 522; 36; -28.91; 5740;  [101100100010000000000000000000000000000]
Cycle #10; 554; 36; -28.91; 6033;  [100100100010000000000000000000000000000]
Cycle #11; 536; 36; -28.91; 8744;  [000110100110000000000000000000000000000]
Cycle #12; 508; 36; -28.91; 9733;  [101100100010000000000000000000000000000]
Cycle #13; 501; 36; -28.91; 8778;  [000100100010000000000000000000000000000]
Cycle #14; 521; 36; -28.91; 9714;  [001100100010000000000000000000000000000]
Cycle #15; 562; 36; -28.91; 8807;  [000110110010000000000000000000000000000]
Cycle #16; 526; 36; -28.91; 12775;  [000110100010000000000000000000000000000]
Cycle #17; 505; 36; -28.91; 8940;  [000100100010000000000000000000000000000]
Cycle #18; 507; 36; -28.91; 5796;  [101100100010000000000000000000000000000]
Cycle #19; 508; 36; -28.91; 5792;  [001100100110000000000000000000000000000]
Cycle #20; 507; 36; -28.91; 7103;  [000100100010000000000000000000000000000]
Cycle #21; 505; 36; -28.91; 5466;  [001100100010000000000000000000000000000]
Cycle #22; 509; 36; -28.91; 6470;  [101110110010000000000000000000000000000]
Cycle #23; 506; 36; -28.91; 7209;  [001100100010000000000000000000000000000]
Cycle #24; 506; 36; -28.91; 8692;  [101100110010000000000000000000000000000]
Cycle #25; 518; 36; -28.91; 6258;  [101100110110000000000000000000000000000]
Cycle #26; 512; 36; -28.91; 6844;  [001100100110000000000000000000000000000]
Cycle #27; 507; 36; -28.91; 4546;  [000100100010000000000000000000000000000]
Cycle #28; 506; 36; -28.91; 5386;  [000110100010000000000000000000000000000]
Cycle #29; 507; 36; -28.91; 4609;  [101100100010000000000000000000000000000]
Cycle #30; 512; 36; -28.91; 3954;  [100100100110000000000000000000000000000]
Cycle #31; 510; 36; -28.91; 13545;  [100110110110000000000000000000000000000]
Cycle #32; 508; 36; -28.91; 6167;  [100100100010000000000000000000000000000]
Cycle #33; 511; 36; -28.91; 5724;  [000110110010000000000000000000000000000]
Cycle #34; 510; 36; -28.91; 4924;  [101100100010000000000000000000000000000]
Cycle #35; 512; 36; -28.91; 7404;  [001110100110000000000000000000000000000]
Cycle #36; 508; 36; -28.91; 6959;  [001100100010000000000000000000000000000]
Cycle #37; 506; 36; -28.91; 4018;  [101100100110000000000000000000000000000]
Cycle #38; 509; 36; -28.91; 8712;  [000100100010000000000000000000000000000]
Cycle #39; 508; 36; -28.91; 9939;  [000100100010000000000000000000000000000]
Cycle #40; 504; 36; -28.91; 3008;  [100100100010000000000000000000000000000]
Cycle #41; 515; 36; -28.91; 3997;  [001100100010000000000000000000000000000]
Cycle #42; 508; 36; -28.91; 6809;  [101100110010000000000000000000000000000]
Cycle #43; 507; 36; -28.91; 4569;  [000100110010000000000000000000000000000]
Cycle #44; 508; 36; -28.91; 4694;  [000110100010000000000000000000000000000]
Cycle #45; 514; 36; -28.91; 6537;  [000110100010000000000000000000000000000]
Cycle #46; 505; 36; -28.91; 5848;  [000100100010000000000000000000000000000]
Cycle #47; 506; 36; -28.91; 6421;  [001110100010000000000000000000000000000]
Cycle #48; 510; 36; -28.91; 5692;  [000110100010000000000000000000000000000]
Cycle #49; 512; 36; -28.91; 4507;  [000110100110000000000000000000000000000]

=============================================================
Instance #0
=============================================================
Cycle #0; 575; 55; -41.2322; 5268;  [001100100010000000000000000011100000000]
Cycle #1; 577; 55; -41.2322; 9750;  [100110110110000000000000000010100000000]
